#Arquivo de dados do tamamanho do leito
#1ª coluna - tempo [s]; 2ª coluna - altura do leito [mm]

         0   0.002357
   0.01667   0.002357
   0.03333   0.002357
      0.05   0.002357
   0.06667   0.002357
   0.08333   0.002357
       0.1   0.002357
    0.1167   0.002357
    0.1333   0.002357
      0.15   0.002357
    0.1667   0.002357
    0.1833   0.002357
       0.2   0.002357
    0.2167   0.002357
    0.2333   0.002357
      0.25   0.002357
    0.2667   0.002357
    0.2833   0.002357
       0.3   0.002357
    0.3167   0.002357
    0.3333   0.002357
      0.35   0.002357
    0.3667   0.002357
    0.3833   0.002357
       0.4   0.004452
    0.4167   0.005499
    0.4333   0.006546
      0.45   0.006546
    0.4667   0.006546
    0.4833   0.009427
       0.5   0.009951
    0.5167    0.01074
    0.5333    0.01283
      0.55    0.01414
    0.5667    0.01493
    0.5833    0.01912
       0.6    0.01912
    0.6167      0.022
    0.6333    0.02331
      0.65    0.02435
    0.6667    0.02749
    0.6833    0.03011
       0.7    0.03168
    0.7167    0.03456
    0.7333    0.03587
      0.75    0.03849
    0.7667    0.04006
    0.7833    0.04425
       0.8    0.04635
    0.8167    0.04844
    0.8333    0.05263
      0.85    0.05473
    0.8667    0.05682
    0.8833    0.06101
       0.9    0.06101
    0.9167     0.0652
    0.9333    0.06782
      0.95    0.06939
    0.9667    0.07201
    0.9833    0.07358
         1    0.07594
     1.017    0.07777
     1.033    0.08196
      1.05    0.08196
     1.067    0.08615
     1.083    0.08877
       1.1    0.08955
     1.117    0.09217
     1.133    0.09453
      1.15    0.09793
     1.167    0.09872
     1.183     0.1029
       1.2     0.1029
     1.217     0.1058
     1.233     0.1071
      1.25     0.1071
     1.267     0.1113
     1.283     0.1129
       1.3     0.1155
     1.317     0.1168
     1.333     0.1205
      1.35     0.1239
     1.367     0.1239
     1.383     0.1244
       1.4     0.1265
     1.417      0.128
     1.433      0.128
      1.45      0.128
     1.467      0.128
     1.483     0.1307
       1.5     0.1312
     1.517      0.128
     1.533      0.128
      1.55      0.128
     1.567      0.127
     1.583      0.128
       1.6     0.1273
     1.617     0.1239
     1.633     0.1239
      1.65     0.1239
     1.667     0.1239
     1.683     0.1267
       1.7      0.127
     1.717      0.128
     1.733      0.128
      1.75      0.128
     1.767      0.128
     1.783     0.1299
       1.8     0.1299
     1.817     0.1296
     1.833     0.1315
      1.85     0.1309
     1.867     0.1322
     1.883     0.1315
       1.9     0.1312
     1.917     0.1312
     1.933     0.1291
      1.95     0.1286
     1.967     0.1294
     1.983      0.128
         2      0.128
     2.017      0.128
     2.033     0.1312
      2.05     0.1307
     2.067      0.128
     2.083      0.128
       2.1      0.128
     2.117      0.128
     2.133      0.127
      2.15     0.1254
     2.167     0.1239
     2.183     0.1239
       2.2     0.1231
     2.217     0.1207
     2.233     0.1184
      2.25     0.1155
     2.267     0.1142
     2.283     0.1113
       2.3     0.1113
     2.317     0.1071
     2.333     0.1029
      2.35     0.1016
     2.367     0.1071
     2.383     0.1097
       2.4     0.1071
     2.417    0.09322
     2.433     0.1029
      2.45     0.1029
     2.467    0.09139
     2.483    0.09322
       2.5    0.09453
     2.517    0.09322
     2.533    0.09453
      2.55    0.09689
     2.567    0.09348
     2.583    0.09348
       2.6    0.09322
     2.617    0.09453
     2.633    0.09453
      2.65    0.09453
     2.667    0.09872
     2.683    0.09741
       2.7    0.09689
     2.717    0.09453
     2.733    0.09558
      2.75    0.09453
     2.767    0.09532
     2.783    0.09767
       2.8    0.09872
     2.817    0.09872
     2.833    0.09872
      2.85     0.1003
     2.867     0.1016
     2.883     0.1029
       2.9     0.1029
     2.917     0.1029
     2.933     0.1029
      2.95     0.1029
     2.967     0.1029
     2.983     0.1029
         3     0.1029
     3.017     0.1029
     3.033     0.1029
      3.05     0.1047
     3.067     0.1063
     3.083     0.1071
       3.1     0.1071
     3.117     0.1071
     3.133     0.1092
      3.15     0.1092
     3.167     0.1113
     3.183     0.1029
       3.2     0.1058
     3.217     0.1037
     3.233     0.1029
      3.25     0.1113
     3.267    0.09453
     3.283    0.09662
       3.3    0.09872
     3.317    0.09872
     3.333    0.09715
      3.35    0.08615
     3.367     0.1029
     3.383     0.1029
       3.4    0.09872
     3.417    0.09715
     3.433    0.09715
      3.45    0.09741
     3.467    0.09872
     3.483    0.09872
       3.5    0.09872
     3.517     0.1016
     3.533     0.1029
      3.55     0.1029
     3.567     0.1071
     3.583     0.1071
       3.6     0.1087
     3.617       0.11
     3.633       0.11
      3.65     0.1071
     3.667     0.1071
     3.683     0.1071
       3.7     0.1071
     3.717       0.11
     3.733     0.1113
      3.75     0.1113
     3.767     0.1071
     3.783     0.1155
       3.8     0.1155
     3.817     0.1139
     3.833     0.1113
      3.85     0.1113
     3.867     0.1095
     3.883     0.1071
       3.9     0.1071
     3.917     0.1071
     3.933     0.1071
      3.95     0.1071
     3.967     0.1113
     3.983     0.1113
         4     0.1113
     4.017     0.1113
     4.033     0.1081
      4.05     0.1079
     4.067     0.1097
     4.083     0.1087
       4.1     0.1071
     4.117     0.1071
     4.133     0.1071
      4.15     0.1063
     4.167     0.1071
     4.183     0.1055
       4.2     0.1029
     4.217     0.1029
     4.233    0.09872
      4.25    0.09872
     4.267    0.09662
     4.283     0.1029
       4.3     0.1029
     4.317     0.1019
     4.333     0.1016
      4.35    0.09872
     4.367     0.1029
     4.383    0.09872
       4.4    0.09034
     4.417    0.09689
     4.433    0.09453
      4.45    0.09453
     4.467    0.09741
     4.483    0.09793
       4.5    0.09793
     4.517    0.09872
     4.533     0.1021
      4.55     0.1026
     4.567     0.1029
     4.583     0.1029
       4.6     0.1029
     4.617      0.104
     4.633     0.1071
      4.65     0.1071
     4.667     0.1071
     4.683     0.1071
       4.7     0.1071
     4.717     0.1071
     4.733     0.1071
      4.75     0.1071
     4.767     0.1113
     4.783     0.1113
       4.8     0.1011
     4.817     0.1029
     4.833     0.1011
      4.85    0.09872
     4.867    0.09872
     4.883    0.09584
       4.9    0.09793
     4.917    0.09872
     4.933    0.09872
      4.95    0.09741
     4.967     0.1019
     4.983    0.09846
         5    0.09453
     5.017     0.0927
     5.033    0.09453
      5.05    0.09453
     5.067    0.09034
     5.083    0.09034
       5.1    0.09034
     5.117    0.09008
     5.133     0.0927
      5.15    0.09296
     5.167    0.09348
     5.183    0.09662
       5.2    0.09505
     5.217    0.09741
     5.233    0.09872
      5.25    0.09872
     5.267     0.1029
     5.283     0.1029
       5.3     0.1071
     5.317     0.1071
     5.333       0.11
      5.35     0.1113
     5.367     0.1134
     5.383     0.1155
       5.4     0.1155
     5.417     0.1184
     5.433     0.1197
      5.45     0.1197
     5.467     0.1231
     5.483     0.1239
       5.5     0.1239
     5.517      0.128
     5.533      0.128
      5.55      0.128
     5.567     0.1309
     5.583     0.1322
       5.6     0.1322
     5.617     0.1322
     5.633     0.1322
      5.65     0.1322
     5.667     0.1315
     5.683     0.1304
       5.7     0.1301
     5.717      0.128
     5.733     0.1267
      5.75     0.1239
     5.767     0.1239
     5.783     0.1197
       5.8     0.1089
     5.817     0.1029
     5.833     0.1055
      5.85     0.1178
     5.867     0.1202
     5.883     0.1197
       5.9    0.09872
     5.917    0.09872
     5.933    0.09453
      5.95     0.1113
     5.967    0.09872
     5.983    0.09872
         6    0.09872
     6.017    0.09767
     6.033    0.09453
      6.05    0.09715
     6.067    0.09453
     6.083    0.09453
       6.1     0.1029
     6.117     0.1029
     6.133     0.1029
      6.15     0.1019
     6.167    0.09872
     6.183    0.09872
       6.2    0.09872
     6.217    0.09741
     6.233    0.09453
      6.25    0.09401
     6.267    0.09348
     6.283     0.1006
       6.3    0.09924
     6.317    0.09872
     6.333    0.09453
      6.35     0.0961
     6.367    0.09505
     6.383    0.09872
       6.4    0.09296
     6.417    0.09034
     6.433    0.09034
      6.45    0.09453
     6.467    0.09453
     6.483    0.09453
       6.5    0.09453
     6.517    0.09453
     6.533    0.09715
      6.55    0.09793
     6.567    0.09872
     6.583    0.09872
       6.6    0.09872
     6.617    0.09872
     6.633    0.09872
      6.65    0.09872
     6.667    0.09872
     6.683    0.09872
       6.7    0.09872
     6.717    0.09741
     6.733    0.09767
      6.75    0.09872
     6.767     0.1013
     6.783    0.09872
       6.8    0.09872
     6.817    0.09872
     6.833    0.09793
      6.85    0.09767
     6.867     0.0982
     6.883    0.09872
       6.9    0.09872
     6.917    0.09951
     6.933    0.09951
      6.95    0.09872
     6.967    0.09872
     6.983    0.09872
         7    0.09558
     7.017    0.09715
     7.033    0.09715
      7.05     0.0961
     7.067    0.09453
     7.083    0.09453
       7.1    0.09453
     7.117    0.09453
     7.133    0.09793
      7.15    0.09872
     7.167    0.09872
     7.183     0.1029
       7.2     0.1029
     7.217      0.105
     7.233     0.1071
      7.25     0.1071
     7.267       0.11
     7.283     0.1113
       7.3     0.1113
     7.317     0.1147
     7.333     0.1155
      7.35     0.1155
     7.367     0.1181
     7.383     0.1197
       7.4     0.1197
     7.417     0.1218
     7.433     0.1239
      7.45     0.1239
     7.467     0.1252
     7.483     0.1273
       7.5      0.128
     7.517      0.128
     7.533     0.1246
      7.55     0.1267
     7.567     0.1262
     7.583     0.1244
       7.6     0.1239
     7.617     0.1236
     7.633     0.1225
      7.65     0.1225
     7.667     0.1215
     7.683      0.128
       7.7     0.1252
     7.717     0.1223
     7.733     0.1239
      7.75     0.1239
     7.767     0.1254
     7.783     0.1197
       7.8     0.1197
     7.817     0.1155
     7.833     0.1113
      7.85     0.1113
     7.867     0.1071
     7.883     0.1113
       7.9     0.1029
     7.917     0.1071
     7.933     0.1071
      7.95      0.105
     7.967     0.1029
     7.983     0.1021
         8    0.09872
     8.017    0.09872
     8.033    0.09872
      8.05    0.09872
     8.067    0.09872
     8.083    0.09872
       8.1    0.09872
     8.117    0.09715
     8.133    0.09584
      8.15    0.08196
     8.167    0.08615
     8.183    0.08615
       8.2    0.08615
     8.217    0.08615
     8.233    0.08903
      8.25    0.09034
     8.267    0.09034
     8.283    0.09374
       8.3    0.09453
     8.317    0.09584
     8.333    0.09872
      8.35    0.09872
     8.367     0.1019
     8.383     0.1029
       8.4     0.1061
     8.417     0.1071
     8.433     0.1113
      8.45     0.1113
     8.467     0.1144
     8.483     0.1155
       8.5     0.1155
     8.517     0.1197
     8.533     0.1197
      8.55     0.1197
     8.567     0.1197
     8.583     0.1197
       8.6     0.1197
     8.617     0.1197
     8.633      0.122
      8.65     0.1225
     8.667      0.122
     8.683     0.1197
       8.7     0.1197
     8.717     0.1155
     8.733     0.1197
      8.75     0.1228
     8.767     0.1228
     8.783     0.1228
       8.8     0.1239
     8.817     0.1239
     8.833     0.1029
      8.85     0.1212
     8.867     0.1155
     8.883     0.1178
       8.9     0.1155
     8.917     0.1155
     8.933     0.1155
      8.95     0.1155
     8.967     0.1155
     8.983     0.1071
         9     0.1071
     9.017     0.1155
     9.033     0.1142
      9.05     0.1113
     9.067     0.1113
     9.083     0.1113
       9.1     0.1102
     9.117     0.1029
     9.133    0.09872
      9.15     0.1029
     9.167     0.1016
     9.183     0.1029
       9.2     0.1029
     9.217    0.09244
     9.233    0.08982
      9.25    0.09034
     9.267     0.0906
     9.283    0.08877
       9.3    0.08615
     9.317    0.08615
     9.333    0.08615
      9.35    0.08589
     9.367    0.08615
     9.383    0.08536
       9.4    0.08196
     9.417    0.08275
     9.433    0.08327
      9.45    0.08196
     9.467    0.08196
     9.483    0.08196
       9.5    0.08196
     9.517    0.08615
     9.533    0.08615
      9.55    0.08615
     9.567    0.08615
     9.583    0.08615
       9.6    0.08615
     9.617    0.08825
     9.633    0.08798
      9.65    0.08851
     9.667    0.09008
     9.683    0.09034
       9.7    0.09322
     9.717    0.09453
     9.733    0.09715
      9.75    0.09872
     9.767     0.1011
     9.783     0.1029
       9.8    0.09951
     9.817      0.105
     9.833      0.105
      9.85     0.1029
     9.867     0.1029
     9.883     0.1029
       9.9     0.1029
     9.917     0.1029
     9.933     0.1016
      9.95    0.09872
     9.967    0.09872
     9.983    0.09872
        10    0.09872
     10.02    0.09872
     10.03     0.1029
     10.05     0.1029
     10.07    0.09872
     10.08    0.09793
      10.1    0.09453
     10.12    0.09374
     10.13     0.0906
     10.15    0.09034
     10.17    0.09034
     10.18    0.09034
      10.2    0.09034
     10.22    0.09453
     10.23    0.09374
     10.25    0.09296
     10.27    0.09034
     10.28    0.09034
      10.3    0.09034
     10.32    0.09296
     10.33    0.09348
     10.35    0.09374
     10.37    0.09374
     10.38    0.09453
      10.4    0.09453
     10.42    0.09479
     10.43    0.09872
     10.45    0.09872
     10.47    0.09872
     10.48     0.1029
      10.5     0.1029
     10.52     0.1071
     10.53     0.1102
     10.55     0.1113
     10.57     0.1136
     10.58     0.1155
      10.6     0.1155
     10.62     0.1197
     10.63     0.1197
     10.65     0.1239
     10.67     0.1239
     10.68      0.128
      10.7      0.128
     10.72     0.1315
     10.73     0.1335
     10.75     0.1354
     10.77     0.1364
     10.78     0.1406
      10.8     0.1406
     10.82     0.1432
     10.83     0.1448
     10.85     0.1448
     10.87     0.1448
     10.88     0.1435
      10.9     0.1406
     10.92     0.1406
     10.93     0.1406
     10.95     0.1385
     10.97      0.138
     10.98     0.1388
        11     0.1364
     11.02     0.1322
     11.03     0.1312
     11.05     0.1322
     11.07     0.1312
     11.08     0.1396
      11.1     0.1404
     11.12     0.1197
     11.13     0.1304
     11.15     0.1406
     11.17     0.1252
     11.18     0.1239
      11.2      0.122
     11.22     0.1155
     11.23     0.1155
     11.25     0.1155
     11.27     0.1113
     11.28     0.1097
      11.3     0.1095
     11.32     0.1197
     11.33     0.1189
     11.35    0.09872
     11.37     0.1029
     11.38     0.1026
      11.4    0.09872
     11.42    0.09453
     11.43    0.09977
     11.45    0.09872
     11.47     0.1029
     11.48    0.09767
      11.5    0.09505
     11.52    0.09427
     11.53     0.1029
     11.55     0.1021
     11.57    0.09872
     11.58    0.09872
      11.6    0.09872
     11.62     0.1003
     11.63    0.09872
     11.65    0.09872
     11.67    0.09793
     11.68    0.09715
      11.7    0.09767
     11.72    0.09453
     11.73    0.09453
     11.75    0.09453
     11.77    0.09453
     11.78    0.09662
      11.8    0.09741
     11.82    0.09374
     11.83    0.09296
     11.85    0.09191
     11.87    0.09034
     11.88    0.09453
      11.9    0.09453
     11.92    0.09322
     11.93    0.09453
     11.95    0.09453
     11.97    0.09453
     11.98    0.09453
        12    0.09217
     12.02    0.08615
     12.03    0.08615
     12.05    0.08615
     12.07    0.08196
     12.08    0.08196
      12.1    0.08196
     12.12    0.08196
     12.13    0.08091
     12.15    0.08196
     12.17    0.08615
     12.18    0.08589
      12.2     0.0851
     12.22    0.08432
     12.23    0.08615
     12.25    0.08615
     12.27    0.08772
     12.28    0.08955
      12.3    0.09034
     12.32     0.0927
     12.33    0.09453
     12.35    0.09453
     12.37    0.09741
     12.38    0.09872
      12.4    0.09872
     12.42     0.1029
     12.43     0.1053
     12.45     0.1071
     12.47     0.1071
     12.48     0.1113
      12.5     0.1113
     12.52     0.1126
     12.53     0.1155
     12.55     0.1155
     12.57     0.1184
     12.58     0.1197
      12.6     0.1197
     12.62     0.1197
     12.63     0.1223
     12.65     0.1223
     12.67     0.1239
     12.68     0.1244
      12.7      0.126
     12.72      0.128
     12.73     0.1307
     12.75     0.1309
     12.77     0.1315
     12.78     0.1307
      12.8     0.1304
     12.82     0.1296
     12.83      0.128
     12.85      0.128
     12.87     0.1301
     12.88      0.128
      12.9      0.128
     12.92     0.1291
     12.93      0.128
     12.95      0.128
     12.97      0.128
     12.98     0.1239
        13     0.1239
     13.02      0.122
     13.03     0.1197
     13.05     0.1189
     13.07     0.1239
     13.08     0.1184
      13.1      0.117
     13.12     0.1087
     13.13     0.1144
     13.15     0.1144
     13.17     0.1147
     13.18     0.1134
      13.2     0.1121
     13.22     0.1113
     13.23     0.1144
     13.25     0.1113
     13.27     0.1155
     13.28     0.1144
      13.3     0.1063
     13.32     0.1029
     13.33     0.1102
     13.35     0.1071
     13.37     0.1068
     13.38     0.1029
      13.4     0.1019
     13.42     0.1013
     13.43     0.1029
     13.45     0.1016
     13.47     0.1021
     13.48     0.1006
      13.5     0.1019
     13.52     0.1029
     13.53     0.1021
     13.55    0.09872
     13.57    0.09872
     13.58    0.09872
      13.6    0.09034
     13.62    0.09453
     13.63    0.09427
     13.65    0.09348
     13.67    0.09453
     13.68    0.09453
      13.7    0.09453
     13.72    0.09453
     13.73    0.09453
     13.75    0.09453
     13.77    0.09453
     13.78    0.09453
      13.8    0.09453
     13.82    0.09453
     13.83    0.08615
     13.85    0.08615
     13.87    0.08615
     13.88    0.08536
      13.9    0.08563
     13.92    0.08536
     13.93    0.08615
     13.95    0.08615
     13.97    0.08615
     13.98    0.08615
        14    0.08615
     14.02    0.08615
     14.03    0.08877
     14.05    0.08929
     14.07    0.09034
     14.08    0.09034
      14.1    0.09217
     14.12    0.09453
     14.13    0.09453
     14.15    0.09453
     14.17    0.09741
     14.18    0.09872
      14.2    0.09924
     14.22     0.1029
     14.23     0.1042
     14.25     0.1058
     14.27     0.1071
     14.28     0.1113
      14.3     0.1113
     14.32     0.1123
     14.33     0.1155
     14.35     0.1155
     14.37     0.1155
     14.38     0.1144
      14.4     0.1134
     14.42     0.1155
     14.43     0.1144
     14.45     0.1139
     14.47     0.1142
     14.48     0.1113
      14.5     0.1155
     14.52     0.1029
     14.53     0.1071
     14.55     0.1071
     14.57     0.1092
     14.58     0.1102
      14.6     0.1113
     14.62     0.1071
     14.63     0.1071
     14.65     0.1071
     14.67     0.1113
     14.68       0.11
      14.7     0.1071
     14.72     0.1074
     14.73     0.1071
     14.75     0.1084
     14.77     0.1102
     14.78     0.1071
      14.8     0.1071
     14.82     0.1071
     14.83     0.1071
     14.85     0.1071
     14.87     0.1071
     14.88     0.1071
      14.9      0.105
     14.92     0.1029
     14.93     0.1016
     14.95     0.1019
     14.97     0.1019
     14.98     0.1037
