#Arquivo de informação dos plugs
1ª coluna -> tempo [s]; 2ª coluna -> posição do topo do plug [mm]
3ª coluna -> tempo [s]; 4ª coluna -> posição da base do plug [mm]

    0.6667          0     0.6667    0.02749    0.6667    0.02749
    0.6833          0     0.6833    0.03011    0.6833    0.03011
       0.7          0        0.7    0.03168       0.7    0.03168
    0.7167          0     0.7167    0.03456    0.7167    0.03456
    0.7333          0     0.7333    0.03587    0.7333    0.03587
      0.75          0       0.75    0.03849      0.75    0.03849
    0.7667          0     0.7667    0.04006    0.7667    0.04006
    0.7833          0     0.7833    0.04425    0.7833    0.04425
       0.8          0        0.8    0.04635       0.8    0.04635
    0.8167          0     0.8167    0.04844    0.8167    0.04844
    0.8333          0     0.8333    0.05263    0.8333    0.05263
      0.85          0       0.85    0.05473      0.85    0.05473
    0.8667          0     0.8667    0.05682    0.8667    0.05682
    0.8833          0     0.8833    0.06101    0.8833    0.06101
       0.9          0        0.9    0.06101       0.9    0.06101
    0.9167          0     0.9167     0.0652    0.9167     0.0652
    0.9333          0     0.9333    0.06782    0.9333    0.06782
      0.95          0       0.95    0.06939      0.95    0.06939
    0.9667          0     0.9667    0.07201    0.9667    0.07201
    0.9833          0     0.9833    0.07358    0.9833    0.07358
         1     0.0144          1    0.07594         1    0.06154
     1.017     0.0144      1.017    0.07777     1.017    0.06337
     1.033     0.0144      1.033    0.08196     1.033    0.06756
      1.05     0.0144       1.05    0.08196      1.05    0.06756
     1.067    0.01362      1.067    0.08615     1.067    0.07253
     1.083     0.0144      1.083    0.08877     1.083    0.07437
       1.1    0.01309        1.1    0.08955       1.1    0.07646
     1.117     0.0288      1.117    0.09217     1.117    0.06337
     1.133    0.02907      1.133    0.09453     1.133    0.06546
      1.15    0.03247       1.15    0.09793      1.15    0.06546
     1.167    0.03273      1.167    0.09872     1.167    0.06599
     1.183    0.03535      1.183     0.1029     1.183    0.06756
       1.2    0.03221        1.2     0.1029       1.2     0.0707
     1.217    0.03823      1.217     0.1058     1.217    0.06756
     1.233    0.03535      1.233     0.1071     1.233    0.07175
      1.25    0.04085       1.25     0.1071      1.25    0.06625
     1.267     0.0398      1.267     0.1113     1.267    0.07149
     1.283    0.03954      1.283     0.1129     1.283    0.07332
       1.3    0.05342        1.3     0.1155       1.3    0.06206
     1.317    0.05316      1.317     0.1168     1.317    0.06363
     1.333    0.05211      1.333     0.1205     1.333    0.06834
      1.35    0.05211       1.35     0.1239      1.35    0.07175
     1.367    0.05211      1.367     0.1239     1.367    0.07175
     1.383     0.0563      1.383     0.1244     1.383    0.06808
       1.4    0.06468        1.4     0.1265       1.4     0.0618
     1.417    0.06468      1.417      0.128     1.417    0.06337
     1.433    0.06834      1.433      0.128     1.433     0.0597
      1.45    0.06887       1.45      0.128      1.45    0.05918
     1.467    0.06965      1.467     0.1113     1.467    0.04164
     1.483    0.06992      1.483     0.1307     1.483    0.06075
       1.5    0.06965        1.5     0.1312       1.5    0.06154
     1.517    0.06887      1.517      0.128     1.517    0.05918
     1.533    0.06887      1.533      0.128     1.533    0.05918
      1.55          0       1.55    0.02907      1.55    0.02907
      1.55    0.06887       1.55      0.128      1.55    0.05918
     1.567    0.07306      1.567      0.127     1.567    0.05394
     1.583    0.06887      1.583      0.128     1.583    0.05918
       1.6    0.08982        1.6     0.1273       1.6    0.03745
     1.617    0.05211      1.617     0.1239     1.617    0.07175
     1.633    0.08825      1.633     0.1239     1.633    0.03561
      1.65    0.08144       1.65     0.1239      1.65    0.04242
     1.667    0.04556      1.667    0.07358     1.667    0.02802
     1.667    0.09532      1.667     0.1239     1.667    0.02854
     1.683    0.03954      1.683    0.06651     1.683    0.02697
     1.683    0.09846      1.683     0.1267     1.683    0.02828
     1.717     0.0982      1.717      0.128     1.717    0.02985
     1.733     0.0982      1.733      0.128     1.733    0.02985
     1.767    0.03535      1.767     0.0652     1.767    0.02985
     1.767        0.1      1.767      0.128     1.767    0.02802
     1.783     0.0982      1.783     0.1299     1.783    0.03168
       1.8     0.0982        1.8     0.1299       1.8    0.03168
     1.867          0      1.867    0.04033     1.867    0.04033
     1.883          0      1.883    0.04006     1.883    0.04006
     1.883     0.0453      1.883    0.07358     1.883    0.02828
       1.9          0        1.9    0.03168       1.9    0.03168
     1.917          0      1.917     0.0309     1.917     0.0309
     1.917    0.03954      1.917    0.06939     1.917    0.02985
     1.933          0      1.933    0.03168     1.933    0.03168
     1.933    0.03954      1.933    0.06939     1.933    0.02985
      1.95          0       1.95    0.03168      1.95    0.03168
     1.967          0      1.967    0.03509     1.967    0.03509
     1.983   0.006023      1.983    0.03587     1.983    0.02985
         2          0          2    0.03902         2    0.03902
     2.017          0      2.017    0.04006     2.017    0.04006
     2.033          0      2.033    0.04006     2.033    0.04006
      2.05          0       2.05    0.06101      2.05    0.06101
     2.067          0      2.067    0.07306     2.067    0.07306
     2.083          0      2.083    0.07358     2.083    0.07358
       2.1          0        2.1    0.07358       2.1    0.07358
     2.117          0      2.117    0.07358     2.117    0.07358
     2.133          0      2.133    0.07777     2.133    0.07777
      2.15          0       2.15    0.07777      2.15    0.07777
     2.167          0      2.167    0.07672     2.167    0.07672
     2.183          0      2.183    0.07358     2.183    0.07358
       2.2          0        2.2    0.07358       2.2    0.07358
     2.217          0      2.217    0.07358     2.217    0.07358
     2.233          0      2.233    0.07411     2.233    0.07411
      2.25          0       2.25    0.07358      2.25    0.07358
     2.267          0      2.267    0.08196     2.267    0.08196
     2.283          0      2.283    0.08196     2.283    0.08196
       2.3          0        2.3    0.08432       2.3    0.08432
     2.317          0      2.317     0.0851     2.317     0.0851
     2.333          0      2.333    0.08039     2.333    0.08039
      2.35          0       2.35    0.07987      2.35    0.07987
     2.367          0      2.367    0.08065     2.367    0.08065
     2.383          0      2.383    0.07358     2.383    0.07358
       2.4          0        2.4     0.0728       2.4     0.0728
     2.417   0.007594      2.417    0.09322     2.417    0.08563
     2.433    0.01859      2.433    0.09244     2.433    0.07384
      2.45    0.01859       2.45    0.09296      2.45    0.07437
     2.467    0.01597      2.467    0.08536     2.467    0.06939
     2.483     0.0144      2.483    0.08458     2.483    0.07018
       2.5    0.01938        2.5    0.08406       2.5    0.06468
     2.517    0.02095      2.517    0.09322     2.517    0.07227
     2.533   0.001833      2.533    0.09453     2.533     0.0927
      2.55   0.001833       2.55    0.09689      2.55    0.09505
     2.567          0      2.567    0.09348     2.567    0.09348
     2.583          0      2.583    0.09348     2.583    0.09348
       2.6          0        2.6    0.09322       2.6    0.09322
     2.617    0.02278      2.617    0.09453     2.617    0.07175
     2.633    0.02278      2.633    0.09453     2.633    0.07175
      2.65    0.02042       2.65    0.09453      2.65    0.07411
     2.667    0.02619      2.667    0.09872     2.667    0.07253
     2.683    0.02697      2.683    0.09741     2.683    0.07044
       2.7    0.02697        2.7    0.09689       2.7    0.06992
     2.717    0.02697      2.717    0.09453     2.717    0.06756
     2.733    0.02697      2.733    0.09558     2.733    0.06861
      2.75    0.02409       2.75    0.09453      2.75    0.07044
     2.767    0.02278      2.767    0.09532     2.767    0.07253
     2.783    0.01938      2.783    0.09767     2.783    0.07829
       2.8    0.02121        2.8    0.05001       2.8     0.0288
       2.8    0.05211        2.8    0.09872       2.8    0.04661
     2.817          0      2.817    0.04844     2.817    0.04844
     2.817    0.05211      2.817    0.09872     2.817    0.04661
     2.833          0      2.833    0.04844     2.833    0.04844
     2.833    0.05211      2.833    0.09872     2.833    0.04661
      2.85          0       2.85    0.04844      2.85    0.04844
      2.85    0.05211       2.85     0.1003      2.85    0.04818
     2.867          0      2.867     0.1016     2.867     0.1016
     2.883          0      2.883     0.1029     2.883     0.1029
       2.9          0        2.9    0.05525       2.9    0.05525
       2.9     0.0563        2.9     0.1029       2.9    0.04661
     2.917          0      2.917     0.0542     2.917     0.0542
     2.917     0.0563      2.917     0.1029     2.917    0.04661
     2.933          0      2.933     0.1029     2.933     0.1029
      2.95          0       2.95     0.1029      2.95     0.1029
     2.967          0      2.967    0.04006     2.967    0.04006
     2.967     0.0563      2.967     0.1029     2.967    0.04661
     2.983          0      2.983    0.05263     2.983    0.05263
     2.983     0.0563      2.983     0.1029     2.983    0.04661
         3          0          3    0.05132         3    0.05132
         3    0.06206          3     0.1029         3    0.04085
     3.017          0      3.017    0.04844     3.017    0.04844
     3.017    0.05211      3.017     0.1029     3.017     0.0508
     3.033          0      3.033     0.1029     3.033     0.1029
      3.05          0       3.05     0.1047      3.05     0.1047
     3.067          0      3.067    0.06337     3.067    0.06337
     3.067    0.06468      3.067     0.1063     3.067    0.04164
     3.083          0      3.083    0.06101     3.083    0.06101
     3.083    0.06468      3.083     0.1071     3.083    0.04242
       3.1          0        3.1    0.06154       3.1    0.06154
       3.1     0.0796        3.1     0.1071       3.1    0.02749
     3.117          0      3.117     0.0618     3.117     0.0618
     3.117    0.07725      3.117     0.1071     3.117    0.02985
     3.133          0      3.133    0.08327     3.133    0.08327
      3.15          0       3.15    0.09872      3.15    0.09872
     3.167          0      3.167    0.05682     3.167    0.05682
     3.167    0.06049      3.167    0.09034     3.167    0.02985
     3.183          0      3.183    0.08615     3.183    0.08615
       3.2          0        3.2    0.06415       3.2    0.06415
     3.217          0      3.217    0.08615     3.217    0.08615
     3.233          0      3.233    0.09217     3.233    0.09217
      3.25          0       3.25    0.09034      3.25    0.09034
     3.267          0      3.267    0.09453     3.267    0.09453
     3.283          0      3.283    0.08694     3.283    0.08694
       3.3          0        3.3    0.09034       3.3    0.09034
     3.317          0      3.317    0.08615     3.317    0.08615
     3.333          0      3.333    0.08798     3.333    0.08798
      3.35          0       3.35    0.08615      3.35    0.08615
     3.367          0      3.367    0.08851     3.367    0.08851
     3.383          0      3.383     0.0927     3.383     0.0927
       3.4          0        3.4    0.05578       3.4    0.05578
       3.4     0.0563        3.4     0.0906       3.4     0.0343
     3.417          0      3.417    0.09715     3.417    0.09715
     3.433          0      3.433    0.09715     3.433    0.09715
      3.45          0       3.45    0.05106      3.45    0.05106
      3.45    0.05394       3.45    0.09741      3.45    0.04347
     3.467   0.006023      3.467    0.04949     3.467    0.04347
     3.467     0.0618      3.467    0.09872     3.467    0.03692
     3.483   0.001833      3.483    0.04949     3.483    0.04766
     3.483    0.06887      3.483    0.09872     3.483    0.02985
       3.5    0.01021        3.5     0.0652       3.5    0.05499
       3.5    0.06887        3.5    0.09872       3.5    0.02985
     3.517          0      3.517     0.0652     3.517     0.0652
     3.517    0.07044      3.517     0.1016     3.517    0.03116
     3.533    0.01021      3.533     0.0652     3.533    0.05499
     3.533    0.06913      3.533     0.1029     3.533    0.03378
      3.55    0.01021       3.55     0.0652      3.55    0.05499
      3.55    0.06887       3.55     0.1029      3.55    0.03404
     3.567    0.01021      3.567    0.06939     3.567    0.05918
     3.567    0.07463      3.567     0.1071     3.567    0.03247
     3.583    0.02069      3.583    0.06939     3.583    0.04871
     3.583    0.07306      3.583     0.1071     3.583    0.03404
       3.6     0.0144        3.6    0.06939       3.6    0.05499
       3.6    0.07856        3.6     0.1087       3.6    0.03011
     3.617    0.02278      3.617    0.07594     3.617    0.05316
     3.617    0.08144      3.617       0.11     3.617    0.02854
     3.633    0.02278      3.633    0.07358     3.633     0.0508
      3.65    0.02278       3.65    0.07358      3.65     0.0508
      3.65    0.07725       3.65     0.1071      3.65    0.02985
     3.667    0.02278      3.667    0.07175     3.667    0.04897
     3.667    0.07725      3.667     0.1071     3.667    0.02985
     3.683    0.02173      3.683    0.08536     3.683    0.06363
       3.7    0.02278        3.7     0.1071       3.7    0.08432
     3.717    0.02278      3.717       0.11     3.717     0.0872
     3.733    0.02278      3.733     0.1113     3.733    0.08851
      3.75    0.01859       3.75    0.05185      3.75    0.03326
      3.75    0.05211       3.75    0.08248      3.75    0.03038
      3.75    0.08406       3.75     0.1113      3.75    0.02723
     3.767     0.0165      3.767     0.1071     3.767     0.0906
     3.783     0.0144      3.783     0.1092     3.783    0.09479
       3.8   0.008118        3.8     0.1097       3.8     0.1016
     3.817   0.006023      3.817     0.1029     3.817    0.09689
     3.833    0.01257      3.833     0.1029     3.833    0.09034
      3.85    0.01152       3.85     0.1021      3.85     0.0906
     3.867    0.01021      3.867     0.1016     3.867    0.09139
     3.883          0      3.883    0.04268     3.883    0.04268
     3.883    0.04373      3.883     0.1071     3.883    0.06337
       3.9          0        3.9    0.04006       3.9    0.04006
       3.9    0.04373        3.9     0.1071       3.9    0.06337
     3.917          0      3.917    0.03064     3.917    0.03064
     3.917    0.04792      3.917     0.1071     3.917    0.05918
     3.933    0.04792      3.933    0.08196     3.933    0.03404
      3.95    0.03116       3.95     0.1071      3.95    0.07594
     3.967          0      3.967    0.02749     3.967    0.02749
     3.967    0.03299      3.967    0.08196     3.967    0.04897
     3.983          0      3.983    0.08406     3.983    0.08406
         4          0          4     0.0309         4     0.0309
         4    0.03168          4    0.08955         4    0.05787
     4.017          0      4.017    0.08615     4.017    0.08615
     4.033          0      4.033     0.1081     4.033     0.1081
      4.05          0       4.05    0.07568      4.05    0.07568
     4.067          0      4.067    0.08589     4.067    0.08589
     4.083          0      4.083    0.04713     4.083    0.04713
     4.083    0.04871      4.083    0.08484     4.083    0.03614
       4.1          0        4.1    0.08406       4.1    0.08406
     4.117          0      4.117    0.06625     4.117    0.06625
     4.117    0.06651      4.117     0.1071     4.117    0.04059
     4.133          0      4.133    0.08615     4.133    0.08615
      4.15          0       4.15     0.1063      4.15     0.1063
     4.167          0      4.167    0.09793     4.167    0.09793
     4.183          0      4.183    0.09453     4.183    0.09453
       4.2          0        4.2    0.09453       4.2    0.09453
     4.217          0      4.217    0.06834     4.217    0.06834
     4.233          0      4.233    0.06782     4.233    0.06782
      4.25          0       4.25    0.06939      4.25    0.06939
     4.267          0      4.267    0.09662     4.267    0.09662
     4.283          0      4.283    0.09453     4.283    0.09453
       4.3          0        4.3    0.09453       4.3    0.09453
     4.317          0      4.317    0.08615     4.317    0.08615
     4.333          0      4.333    0.08615     4.333    0.08615
      4.35          0       4.35    0.08772      4.35    0.08772
     4.367          0      4.367    0.08929     4.367    0.08929
     4.383          0      4.383    0.09034     4.383    0.09034
       4.4          0        4.4    0.05132       4.4    0.05132
       4.4     0.0563        4.4    0.09034       4.4    0.03404
     4.417          0      4.417    0.04006     4.417    0.04006
     4.417    0.06049      4.417    0.09689     4.417     0.0364
     4.433          0      4.433    0.04635     4.433    0.04635
     4.433    0.06154      4.433    0.09453     4.433    0.03299
      4.45          0       4.45    0.04425      4.45    0.04425
      4.45     0.0618       4.45    0.09453      4.45    0.03273
     4.467    0.01021      4.467    0.04294     4.467    0.03273
     4.467    0.06127      4.467    0.09741     4.467    0.03614
     4.483    0.01021      4.483    0.04844     4.483    0.03823
     4.483    0.06049      4.483    0.09793     4.483    0.03745
       4.5    0.01021        4.5    0.05028       4.5    0.04006
       4.5    0.06049        4.5    0.09793       4.5    0.03745
     4.517     0.0144      4.517    0.04844     4.517    0.03404
     4.517    0.06887      4.517    0.09872     4.517    0.02985
     4.533    0.01021      4.533    0.06075     4.533    0.05054
     4.533    0.06887      4.533     0.1021     4.533    0.03326
      4.55    0.01021       4.55    0.05787      4.55    0.04766
      4.55    0.06887       4.55     0.1026      4.55    0.03378
     4.567    0.01021      4.567    0.05735     4.567    0.04713
     4.567    0.06887      4.567     0.1029     4.567    0.03404
     4.583   0.007332      4.583    0.05761     4.583    0.05028
     4.583    0.06573      4.583     0.1029     4.583    0.03718
       4.6   0.007332        4.6    0.05813       4.6     0.0508
       4.6    0.06468        4.6     0.1029       4.6    0.03823
     4.617   0.007594      4.617    0.05682     4.617    0.04923
     4.633   0.008118      4.633    0.05996     4.633    0.05185
     4.633    0.06468      4.633     0.1071     4.633    0.04242
      4.65   0.001833       4.65    0.06101      4.65    0.05918
     4.667   0.006023      4.667    0.08196     4.667    0.07594
     4.683          0      4.683    0.08144     4.683    0.08144
       4.7          0        4.7    0.05159       4.7    0.05159
     4.717          0      4.717    0.07699     4.717    0.07699
     4.733          0      4.733    0.07803     4.733    0.07803
      4.75          0       4.75    0.07358      4.75    0.07358
     4.767          0      4.767    0.07358     4.767    0.07358
     4.783          0      4.783    0.07463     4.783    0.07463
       4.8          0        4.8    0.05578       4.8    0.05578
     4.817          0      4.817    0.04347     4.817    0.04347
     4.817    0.04661      4.817    0.07594     4.817    0.02933
     4.833          0      4.833    0.05185     4.833    0.05185
     4.833    0.05211      4.833     0.1011     4.833    0.04897
      4.85          0       4.85    0.04844      4.85    0.04844
      4.85    0.05211       4.85    0.09872      4.85    0.04661
     4.867          0      4.867    0.09872     4.867    0.09872
     4.883          0      4.883    0.05525     4.883    0.05525
     4.883    0.06049      4.883    0.09584     4.883    0.03535
       4.9          0        4.9    0.05682       4.9    0.05682
       4.9    0.06049        4.9    0.09793       4.9    0.03745
     4.917          0      4.917    0.05604     4.917    0.05604
     4.917    0.06049      4.917    0.09872     4.917    0.03823
     4.933   0.001833      4.933    0.05604     4.933     0.0542
      4.95   0.001833       4.95    0.07777      4.95    0.07594
     4.967   0.003404      4.967    0.07777     4.967    0.07437
     4.983   0.001833      4.983    0.07175     4.983    0.06992
         5   0.001833          5    0.06939         5    0.06756
     5.017   0.006023      5.017     0.0927     5.017    0.08667
     5.033    0.01205      5.033    0.09034     5.033    0.07829
      5.05    0.01257       5.05    0.09034      5.05    0.07777
     5.067    0.01178      5.067    0.09034     5.067    0.07856
     5.083   0.003666      5.083    0.09034     5.083    0.08667
       5.1   0.009427        5.1    0.09034       5.1    0.08091
     5.117   0.008379      5.117    0.09008     5.117     0.0817
     5.133    0.03116      5.133     0.0927     5.133    0.06154
      5.15    0.03116       5.15    0.09296      5.15     0.0618
     5.167    0.03116      5.167    0.09348     5.167    0.06232
     5.183    0.03116      5.183    0.09662     5.183    0.06546
       5.2    0.02985        5.2    0.09505       5.2     0.0652
     5.217    0.03116      5.217    0.09741     5.217    0.06625
     5.233    0.03116      5.233    0.09872     5.233    0.06756
      5.25    0.03116       5.25    0.09872      5.25    0.06756
     5.267    0.03273      5.267     0.1029     5.267    0.07018
     5.283    0.03221      5.283     0.0673     5.283    0.03509
     5.283    0.06887      5.283     0.1029     5.283    0.03404
       5.3    0.03168        5.3    0.06677       5.3    0.03509
       5.3    0.06887        5.3     0.1071       5.3    0.03823
     5.317    0.03116      5.317    0.06573     5.317    0.03456
     5.317    0.06887      5.317     0.1071     5.317    0.03823
     5.333    0.01938      5.333    0.05132     5.333    0.03195
     5.333    0.05211      5.333       0.11     5.333    0.05787
      5.35    0.01859       5.35    0.04844      5.35    0.02985
      5.35    0.07987       5.35     0.1113      5.35    0.03142
     5.367    0.07882      5.367     0.1134     5.367    0.03456
     5.383    0.04871      5.383     0.1155     5.383    0.06677
       5.4    0.01859        5.4    0.08091       5.4    0.06232
       5.4    0.08406        5.4     0.1155       5.4    0.03142
     5.417    0.04373      5.417    0.08065     5.417    0.03692
     5.417    0.08982      5.417     0.1184     5.417    0.02854
     5.483    0.01231      5.483    0.06756     5.483    0.05525
       5.5          0        5.5    0.06887       5.5    0.06887
     5.517    0.01493      5.517    0.06939     5.517    0.05447
     5.533          0      5.533    0.05578     5.533    0.05578
      5.55          0       5.55    0.05263      5.55    0.05263
     5.567          0      5.567    0.05263     5.567    0.05263
     5.583          0      5.583    0.06939     5.583    0.06939
       5.6          0        5.6    0.03168       5.6    0.03168
       5.6    0.03535        5.6    0.06232       5.6    0.02697
     5.617          0      5.617     0.0652     5.617     0.0652
     5.633          0      5.633    0.06573     5.633    0.06573
      5.65          0       5.65    0.07149      5.65    0.07149
     5.667          0      5.667    0.07201     5.667    0.07201
     5.683          0      5.683    0.07201     5.683    0.07201
       5.7          0        5.7    0.03509       5.7    0.03509
       5.7    0.04059        5.7    0.07122       5.7    0.03064
       5.7    0.09951        5.7     0.1301       5.7    0.03064
     5.717          0      5.717    0.03849     5.717    0.03849
     5.717    0.04006      5.717    0.07777     5.717    0.03771
     5.733          0      5.733    0.07358     5.733    0.07358
      5.75          0       5.75    0.04059      5.75    0.04059
      5.75    0.04137       5.75    0.07358      5.75    0.03221
     5.767          0      5.767     0.0728     5.767     0.0728
     5.783          0      5.783    0.08615     5.783    0.08615
       5.8          0        5.8    0.08615       5.8    0.08615
     5.817          0      5.817    0.08196     5.817    0.08196
     5.833    0.01205      5.833    0.08039     5.833    0.06834
      5.85    0.01126       5.85    0.09793      5.85    0.08667
     5.867          0      5.867    0.09558     5.867    0.09558
     5.883          0      5.883    0.05682     5.883    0.05682
     5.883    0.06049      5.883    0.09872     5.883    0.03823
       5.9          0        5.9    0.05761       5.9    0.05761
       5.9    0.06049        5.9    0.09453       5.9    0.03404
     5.917          0      5.917     0.0872     5.917     0.0872
     5.933          0      5.933    0.09453     5.933    0.09453
      5.95          0       5.95    0.09453      5.95    0.09453
     5.967          0      5.967    0.09715     5.967    0.09715
     5.983          0      5.983    0.09348     5.983    0.09348
         6          0          6    0.09034         6    0.09034
     6.017   0.006023      6.017    0.09767     6.017    0.09165
     6.033          0      6.033    0.06468     6.033    0.06468
      6.05          0       6.05    0.09453      6.05    0.09453
     6.067          0      6.067    0.07358     6.067    0.07358
     6.083          0      6.083    0.07253     6.083    0.07253
       6.1          0        6.1    0.06939       6.1    0.06939
     6.117          0      6.117    0.07253     6.117    0.07253
     6.133          0      6.133    0.06939     6.133    0.06939
      6.15          0       6.15    0.06939      6.15    0.06939
     6.167          0      6.167    0.06939     6.167    0.06939
     6.183          0      6.183    0.07149     6.183    0.07149
       6.2          0        6.2    0.09872       6.2    0.09872
     6.217          0      6.217    0.06861     6.217    0.06861
     6.233          0      6.233    0.06782     6.233    0.06782
      6.25          0       6.25    0.09401      6.25    0.09401
     6.267          0      6.267    0.09348     6.267    0.09348
     6.283          0      6.283    0.09034     6.283    0.09034
       6.3          0        6.3    0.09008       6.3    0.09008
     6.317          0      6.317     0.0872     6.317     0.0872
     6.333          0      6.333    0.08615     6.333    0.08615
      6.35          0       6.35    0.09374      6.35    0.09374
     6.367   0.001833      6.367    0.09505     6.367    0.09322
     6.383  0.0002619      6.383    0.09872     6.383    0.09846
       6.4          0        6.4    0.09296       6.4    0.09296
     6.417          0      6.417    0.09034     6.417    0.09034
     6.433   0.006023      6.433    0.09034     6.433    0.08432
      6.45   0.006023       6.45    0.09453      6.45    0.08851
     6.467   0.006023      6.467    0.09453     6.467    0.08851
     6.483   0.006023      6.483    0.09453     6.483    0.08851
       6.5   0.006023        6.5    0.09453       6.5    0.08851
     6.517   0.001833      6.517    0.09453     6.517     0.0927
     6.533   0.006023      6.533    0.09715     6.533    0.09113
      6.55   0.006023       6.55    0.09793      6.55    0.09191
     6.567   0.006023      6.567    0.09872     6.567     0.0927
     6.583   0.001833      6.583    0.09872     6.583    0.09689
       6.6   0.001833        6.6    0.09872       6.6    0.09689
     6.617    0.01833      6.617    0.09872     6.617    0.08039
     6.633    0.01205      6.633    0.09872     6.633    0.08667
      6.65    0.01859       6.65    0.09872      6.65    0.08013
     6.667    0.01859      6.667    0.09872     6.667    0.08013
     6.683    0.01676      6.683    0.09872     6.683    0.08196
       6.7    0.02278        6.7    0.09872       6.7    0.07594
     6.717    0.02697      6.717    0.09741     6.717    0.07044
     6.733    0.02357      6.733    0.09767     6.733    0.07411
      6.75    0.02278       6.75    0.09872      6.75    0.07594
     6.767          0      6.767     0.1013     6.767     0.1013
     6.783          0      6.783    0.09872     6.783    0.09872
       6.8          0        6.8    0.09872       6.8    0.09872
     6.817          0      6.817    0.09872     6.817    0.09872
     6.833          0      6.833    0.09793     6.833    0.09793
      6.85          0       6.85    0.09767      6.85    0.09767
     6.867          0      6.867     0.0982     6.867     0.0982
     6.883          0      6.883    0.09872     6.883    0.09872
       6.9   0.001833        6.9    0.09872       6.9    0.09689
     6.917   0.001833      6.917    0.09951     6.917    0.09767
     6.933    0.01021      6.933    0.09951     6.933    0.08929
      6.95    0.01021       6.95    0.09872      6.95    0.08851
     6.967    0.01021      6.967    0.09872     6.967    0.08851
     6.983    0.01414      6.983    0.09872     6.983    0.08458
         7    0.01335          7    0.09558         7    0.08222
     7.017    0.01859      7.017    0.09715     7.017    0.07856
     7.033   0.006023      7.033    0.09715     7.033    0.09113
      7.05     0.0144       7.05     0.0961      7.05     0.0817
     7.067    0.02697      7.067    0.09453     7.067    0.06756
     7.083   0.007594      7.083    0.09453     7.083    0.08694
       7.1    0.02697        7.1    0.09453       7.1    0.06756
     7.117    0.02697      7.117    0.09453     7.117    0.06756
     7.133    0.02697      7.133    0.09793     7.133    0.07096
      7.15     0.0474       7.15    0.09872      7.15    0.05132
     7.167    0.05735      7.167    0.09872     7.167    0.04137
     7.183    0.01859      7.183    0.05028     7.183    0.03168
     7.183    0.05735      7.183     0.1029     7.183    0.04556
       7.2    0.01859        7.2    0.04844       7.2    0.02985
       7.2    0.05578        7.2     0.1029       7.2    0.04713
     7.217    0.01859      7.217    0.04766     7.217    0.02907
     7.217    0.05211      7.217      0.105     7.217    0.05289
     7.233    0.01676      7.233    0.04425     7.233    0.02749
     7.233    0.05028      7.233     0.1071     7.233    0.05682
      7.25     0.0144       7.25    0.04399      7.25    0.02959
      7.25    0.06677       7.25     0.1071      7.25    0.04033
     7.267    0.01231      7.267    0.04347     7.267    0.03116
     7.267    0.07725      7.267       0.11     7.267    0.03273
     7.283          0      7.283    0.05944     7.283    0.05944
     7.283    0.07856      7.283     0.1113     7.283    0.03273
       7.3          0        7.3    0.06939       7.3    0.06939
       7.3    0.07882        7.3     0.1113       7.3    0.03247
     7.317          0      7.317     0.0652     7.317     0.0652
     7.317    0.07725      7.317     0.1147     7.317    0.03745
     7.333          0      7.333     0.0652     7.333     0.0652
     7.333    0.08563      7.333     0.1155     7.333    0.02985
      7.35          0       7.35    0.06363      7.35    0.06363
      7.35    0.08353       7.35     0.1155      7.35    0.03195
     7.367          0      7.367    0.03587     7.367    0.03587
     7.367    0.08248      7.367     0.1181     7.367    0.03561
     7.383          0      7.383    0.03352     7.383    0.03352
       7.4          0        7.4    0.03168       7.4    0.03168
     7.417          0      7.417    0.03064     7.417    0.03064
     7.417     0.0364      7.417    0.06939     7.417    0.03299
     7.417    0.09401      7.417     0.1218     7.417    0.02776
     7.433          0      7.433    0.03168     7.433    0.03168
     7.433    0.03561      7.433    0.06782     7.433    0.03221
     7.433    0.09401      7.433     0.1239     7.433    0.02985
      7.45          0       7.45    0.03168      7.45    0.03168
      7.45    0.03535       7.45     0.0673      7.45    0.03195
     7.467          0      7.467    0.03326     7.467    0.03326
     7.467    0.03902      7.467    0.08615     7.467    0.04713
     7.483          0      7.483    0.03404     7.483    0.03404
     7.483    0.03771      7.483    0.07541     7.483    0.03771
       7.5          0        7.5    0.03509       7.5    0.03509
     7.517          0      7.517    0.04897     7.517    0.04897
     7.533          0      7.533    0.04844     7.533    0.04844
      7.55          0       7.55    0.04844      7.55    0.04844
     7.567          0      7.567    0.04347     7.567    0.04347
     7.567    0.05211      7.567    0.08196     7.567    0.02985
     7.583          0      7.583    0.06101     7.583    0.06101
       7.6          0        7.6    0.04425       7.6    0.04425
     7.617          0      7.617    0.05682     7.617    0.05682
     7.633          0      7.633    0.06494     7.633    0.06494
      7.65          0       7.65    0.06311      7.65    0.06311
     7.667          0      7.667    0.05682     7.667    0.05682
     7.683          0      7.683    0.05682     7.683    0.05682
       7.7          0        7.7    0.05682       7.7    0.05682
     7.717          0      7.717    0.06939     7.717    0.06939
     7.733          0      7.733    0.06101     7.733    0.06101
      7.75          0       7.75    0.06232      7.75    0.06232
     7.767          0      7.767    0.08615     7.767    0.08615
     7.783          0      7.783    0.06232     7.783    0.06232
       7.8          0        7.8    0.04661       7.8    0.04661
     7.817          0      7.817    0.06939     7.817    0.06939
     7.833          0      7.833    0.05394     7.833    0.05394
      7.85          0       7.85    0.05263      7.85    0.05263
     7.867          0      7.867     0.0542     7.867     0.0542
     7.883          0      7.883    0.05263     7.883    0.05263
       7.9          0        7.9    0.05289       7.9    0.05289
       7.9     0.0563        7.9    0.09453       7.9    0.03823
     7.917          0      7.917    0.08013     7.917    0.08013
     7.933          0      7.933     0.0673     7.933     0.0673
     7.933    0.06887      7.933     0.1071     7.933    0.03823
      7.95          0       7.95    0.09479      7.95    0.09479
     7.967          0      7.967    0.09322     7.967    0.09322
     7.983          0      7.983    0.09453     7.983    0.09453
         8          0          8    0.09872         8    0.09872
     8.017          0      8.017    0.08091     8.017    0.08091
     8.033          0      8.033    0.06861     8.033    0.06861
     8.033    0.06887      8.033    0.09872     8.033    0.02985
      8.05          0       8.05    0.08196      8.05    0.08196
     8.067          0      8.067    0.09374     8.067    0.09374
     8.083          0      8.083    0.09322     8.083    0.09322
       8.1          0        8.1    0.09034       8.1    0.09034
     8.117          0      8.117    0.08615     8.117    0.08615
     8.133          0      8.133    0.08615     8.133    0.08615
      8.15          0       8.15    0.08196      8.15    0.08196
     8.167   0.006023      8.167    0.08615     8.167    0.08013
     8.183   0.006023      8.183    0.08615     8.183    0.08013
       8.2    0.02278        8.2    0.08615       8.2    0.06337
     8.217    0.02278      8.217    0.08615     8.217    0.06337
     8.233    0.02383      8.233    0.08903     8.233     0.0652
      8.25   0.004975       8.25    0.09034      8.25    0.08536
     8.267    0.02802      8.267    0.09034     8.267    0.06232
     8.283    0.02697      8.283    0.09374     8.283    0.06677
       8.3    0.03666        8.3    0.09453       8.3    0.05787
     8.317    0.02278      8.317    0.09584     8.317    0.07306
     8.333   0.001047      8.333    0.04609     8.333    0.04504
     8.333    0.04792      8.333    0.09872     8.333     0.0508
      8.35    0.01859       8.35    0.04582      8.35    0.02723
      8.35    0.04713       8.35    0.09872      8.35    0.05159
     8.367          0      8.367     0.1019     8.367     0.1019
     8.383          0      8.383    0.05525     8.383    0.05525
     8.383     0.0563      8.383     0.1029     8.383    0.04661
       8.4          0        8.4    0.05368       8.4    0.05368
       8.4     0.0563        8.4     0.1061       8.4    0.04975
     8.417          0      8.417    0.03168     8.417    0.03168
     8.417    0.05447      8.417     0.1071     8.417    0.05263
     8.433    0.03535      8.433     0.1113     8.433    0.07594
      8.45     0.0343       8.45     0.1113      8.45    0.07699
     8.467    0.01021      8.467    0.07175     8.467    0.06154
     8.467    0.07358      8.467     0.1144     8.467    0.04085
     8.483    0.01859      8.483     0.1155     8.483    0.09689
       8.5    0.02409        8.5     0.1155       8.5    0.09139
     8.517    0.02278      8.517     0.1197     8.517    0.09689
     8.533    0.03116      8.533    0.07777     8.533    0.04661
     8.533    0.08144      8.533     0.1197     8.533    0.03823
      8.55    0.03116       8.55    0.07777      8.55    0.04661
      8.55    0.08144       8.55     0.1197      8.55    0.03823
     8.567    0.02697      8.567     0.1197     8.567     0.0927
     8.583    0.02907      8.583     0.1197     8.583     0.0906
       8.6     0.0288        8.6     0.1197       8.6    0.09086
     8.617    0.02828      8.617    0.05682     8.617    0.02854
     8.617    0.08563      8.617     0.1197     8.617    0.03404
     8.633    0.02697      8.633    0.09532     8.633    0.06834
      8.65          0       8.65     0.0707      8.65     0.0707
     8.667          0      8.667    0.09453     8.667    0.09453
     8.683          0      8.683     0.1197     8.683     0.1197
       8.7    0.05211        8.7    0.09034       8.7    0.03823
     8.717    0.02409      8.717     0.1155     8.717    0.09139
     8.733          0      8.733     0.1155     8.733     0.1155
      8.75          0       8.75     0.1071      8.75     0.1071
     8.767          0      8.767    0.09767     8.767    0.09767
     8.783          0      8.783    0.04006     8.783    0.04006
     8.783    0.04373      8.783    0.09453     8.783     0.0508
       8.8          0        8.8    0.04006       8.8    0.04006
       8.8    0.04373        8.8    0.09453       8.8     0.0508
     8.817    0.04373      8.817     0.1071     8.817    0.06337
     8.833    0.04818      8.833     0.1029     8.833    0.05473
      8.85    0.06049       8.85    0.09689      8.85     0.0364
     8.867          0      8.867    0.05682     8.867    0.05682
     8.867    0.05839      8.867    0.09741     8.867    0.03902
     8.883          0      8.883    0.09453     8.883    0.09453
       8.9          0        8.9    0.05263       8.9    0.05263
       8.9     0.0542        8.9    0.09453       8.9    0.04033
     8.917          0      8.917    0.09741     8.917    0.09741
     8.933    0.02697      8.933     0.0982     8.933    0.07122
      8.95    0.02461       8.95    0.09872      8.95    0.07411
     8.967          0      8.967    0.05682     8.967    0.05682
     8.967    0.06049      8.967    0.09977     8.967    0.03928
     8.983          0      8.983    0.05551     8.983    0.05551
     8.983    0.05761      8.983    0.08746     8.983    0.02985
         9          0          9    0.08615         9    0.08615
     9.017    0.02278      9.017     0.0652     9.017    0.04242
     9.033          0      9.033    0.08955     9.033    0.08955
      9.05          0       9.05    0.08536      9.05    0.08536
     9.067          0      9.067    0.08248     9.067    0.08248
     9.083          0      9.083    0.08196     9.083    0.08196
       9.1          0        9.1    0.08196       9.1    0.08196
     9.117          0      9.117    0.08851     9.117    0.08851
     9.133          0      9.133    0.09872     9.133    0.09872
      9.15          0       9.15     0.1029      9.15     0.1029
     9.167          0      9.167    0.08196     9.167    0.08196
     9.183          0      9.183    0.08196     9.183    0.08196
       9.2          0        9.2    0.08196       9.2    0.08196
     9.217          0      9.217    0.08065     9.217    0.08065
     9.233          0      9.233    0.08982     9.233    0.08982
      9.25          0       9.25    0.09034      9.25    0.09034
     9.267          0      9.267     0.0906     9.267     0.0906
     9.283          0      9.283    0.08877     9.283    0.08877
       9.3          0        9.3    0.08615       9.3    0.08615
     9.317          0      9.317    0.08615     9.317    0.08615
     9.333          0      9.333    0.08615     9.333    0.08615
      9.35          0       9.35    0.08589      9.35    0.08589
     9.367          0      9.367    0.08615     9.367    0.08615
     9.383          0      9.383    0.08536     9.383    0.08536
       9.4          0        9.4    0.08196       9.4    0.08196
     9.417          0      9.417    0.08275     9.417    0.08275
     9.433          0      9.433    0.08327     9.433    0.08327
      9.45          0       9.45    0.08196      9.45    0.08196
     9.467          0      9.467    0.08196     9.467    0.08196
     9.483          0      9.483    0.08196     9.483    0.08196
       9.5          0        9.5    0.08196       9.5    0.08196
     9.517          0      9.517    0.08615     9.517    0.08615
     9.533          0      9.533    0.08615     9.533    0.08615
      9.55          0       9.55    0.08615      9.55    0.08615
     9.567          0      9.567    0.08615     9.567    0.08615
     9.583          0      9.583    0.08615     9.583    0.08615
       9.6          0        9.6    0.08615       9.6    0.08615
     9.617          0      9.617    0.08825     9.617    0.08825
     9.633          0      9.633    0.08798     9.633    0.08798
      9.65          0       9.65    0.08851      9.65    0.08851
     9.667          0      9.667    0.09008     9.667    0.09008
     9.683          0      9.683    0.05106     9.683    0.05106
     9.683    0.05211      9.683    0.09034     9.683    0.03823
       9.7          0        9.7    0.09322       9.7    0.09322
     9.717          0      9.717    0.09453     9.717    0.09453
     9.733          0      9.733    0.09715     9.733    0.09715
      9.75          0       9.75    0.09872      9.75    0.09872
     9.767    0.01021      9.767    0.04425     9.767    0.03404
     9.767    0.05211      9.767     0.1011     9.767    0.04897
     9.783   0.006023      9.783    0.04556     9.783    0.03954
     9.783    0.05211      9.783     0.1029     9.783     0.0508
       9.8          0        9.8    0.04425       9.8    0.04425
     9.817          0      9.817    0.05525     9.817    0.05525
     9.817     0.0563      9.817      0.105     9.817    0.04871
     9.833          0      9.833     0.0542     9.833     0.0542
     9.833     0.0563      9.833      0.105     9.833    0.04871
      9.85   0.006023       9.85    0.05473      9.85    0.04871
      9.85     0.0563       9.85     0.1029      9.85    0.04661
     9.867          0      9.867     0.1029     9.867     0.1029
     9.883    0.01021      9.883     0.1029     9.883     0.0927
       9.9      0.011        9.9     0.1029       9.9    0.09191
     9.917          0      9.917     0.1029     9.917     0.1029
     9.933          0      9.933     0.1016     9.933     0.1016
      9.95          0       9.95    0.09872      9.95    0.09872
     9.967          0      9.967    0.09872     9.967    0.09872
     9.983          0      9.983    0.09872     9.983    0.09872
        10          0         10    0.09872        10    0.09872
     10.02          0      10.02    0.09872     10.02    0.09872
     10.03          0      10.03    0.09662     10.03    0.09662
     10.05          0      10.05     0.1021     10.05     0.1021
     10.07          0      10.07    0.09872     10.07    0.09872
     10.08          0      10.08    0.09793     10.08    0.09793
      10.1          0       10.1    0.05159      10.1    0.05159
      10.1    0.05289       10.1    0.09453      10.1    0.04164
     10.12          0      10.12    0.04844     10.12    0.04844
     10.12    0.05316      10.12    0.09374     10.12    0.04059
     10.13          0      10.13    0.04844     10.13    0.04844
     10.13    0.05211      10.13     0.0906     10.13    0.03849
     10.15          0      10.15    0.04871     10.15    0.04871
     10.15    0.05106      10.15    0.09034     10.15    0.03928
     10.17          0      10.17    0.09034     10.17    0.09034
     10.18     0.0144      10.18    0.09034     10.18    0.07594
      10.2     0.0144       10.2    0.09034      10.2    0.07594
     10.22    0.01545      10.22    0.09453     10.22    0.07908
     10.23    0.01859      10.23    0.09374     10.23    0.07515
     10.25    0.01859      10.25    0.09296     10.25    0.07437
     10.27    0.01859      10.27    0.09034     10.27    0.07175
     10.28    0.01859      10.28    0.09034     10.28    0.07175
      10.3    0.02278       10.3    0.09034      10.3    0.06756
     10.32    0.02042      10.32    0.09296     10.32    0.07253
     10.33    0.02278      10.33    0.09348     10.33     0.0707
     10.35    0.02278      10.35    0.09374     10.35    0.07096
     10.37    0.02042      10.37    0.09374     10.37    0.07332
     10.38    0.01859      10.38    0.09453     10.38    0.07594
      10.4   0.001833       10.4    0.09453      10.4     0.0927
     10.42    0.01859      10.42    0.09479     10.42     0.0762
     10.43   0.006023      10.43    0.09872     10.43     0.0927
     10.45   0.001833      10.45    0.05132     10.45    0.04949
     10.45    0.05211      10.45    0.09872     10.45    0.04661
     10.47   0.003404      10.47     0.0508     10.47     0.0474
     10.47    0.06049      10.47    0.09872     10.47    0.03823
     10.48    0.01021      10.48    0.04425     10.48    0.03404
     10.48    0.06075      10.48     0.1029     10.48    0.04216
      10.5   0.006023       10.5    0.04347      10.5    0.03745
      10.5    0.06206       10.5     0.1029      10.5    0.04085
     10.52   0.003928      10.52    0.04504     10.52    0.04111
     10.52    0.06154      10.52     0.1071     10.52    0.04556
     10.53    0.06468      10.53     0.1102     10.53    0.04556
     10.55   0.006023      10.55     0.0474     10.55    0.04137
     10.55    0.06468      10.55     0.1113     10.55    0.04661
     10.57   0.006023      10.57    0.04425     10.57    0.03823
     10.57    0.07908      10.57     0.1136     10.57    0.03456
     10.58    0.01309      10.58    0.04137     10.58    0.02828
     10.58    0.08144      10.58     0.1155     10.58    0.03404
      10.6    0.01178       10.6    0.04006      10.6    0.02828
      10.6    0.08144       10.6     0.1155      10.6    0.03404
     10.62    0.01021      10.62    0.03902     10.62     0.0288
     10.62    0.08144      10.62     0.1197     10.62    0.03823
     10.63    0.01021      10.63    0.07044     10.63    0.06023
     10.65          0      10.65    0.05551     10.65    0.05551
     10.65    0.09401      10.65     0.1239     10.65    0.02985
     10.67    0.02016      10.67    0.05106     10.67     0.0309
     10.67    0.09401      10.67     0.1239     10.67    0.02985
     10.68    0.01938      10.68    0.04844     10.68    0.02907
      10.7    0.01859       10.7    0.05813      10.7    0.03954
     10.72          0      10.72    0.05656     10.72    0.05656
     10.72      0.104      10.72     0.1315     10.72    0.02749
     10.73          0      10.73    0.02671     10.73    0.02671
     10.73     0.1066      10.73     0.1335     10.73    0.02697
     10.75     0.1061      10.75     0.1354     10.75    0.02933
     10.77    0.02488      10.77    0.05263     10.77    0.02776
     10.78          0      10.78    0.02828     10.78    0.02828
     10.78     0.1108      10.78     0.1406     10.78    0.02985
      10.8          0       10.8    0.02749      10.8    0.02749
      10.8     0.1108       10.8     0.1406      10.8    0.02985
     10.82          0      10.82    0.02749     10.82    0.02749
     10.82      0.115      10.82     0.1432     10.82    0.02828
     10.83          0      10.83    0.02749     10.83    0.02749
     10.85          0      10.85    0.03064     10.85    0.03064
     10.87          0      10.87    0.05682     10.87    0.05682
     10.88          0      10.88    0.03168     10.88    0.03168
      10.9          0       10.9    0.02749      10.9    0.02749
     10.92    0.03116      10.92    0.05839     10.92    0.02723
     10.93          0      10.93    0.02671     10.93    0.02671
     10.93    0.03195      10.93    0.06442     10.93    0.03247
     10.95          0      10.95    0.02749     10.95    0.02749
     10.95    0.03116      10.95    0.06442     10.95    0.03326
     10.97          0      10.97    0.02671     10.97    0.02671
     10.98     0.1108      10.98     0.1388     10.98    0.02802
     11.02          0      11.02     0.0652     11.02     0.0652
     11.03          0      11.03    0.03168     11.03    0.03168
     11.03    0.03535      11.03     0.0652     11.03    0.02985
     11.05          0      11.05     0.0652     11.05     0.0652
     11.07          0      11.07    0.03168     11.07    0.03168
     11.07    0.04373      11.07    0.07568     11.07    0.03195
     11.08          0      11.08    0.07227     11.08    0.07227
      11.1          0       11.1    0.08196      11.1    0.08196
     11.12          0      11.12    0.06756     11.12    0.06756
     11.13          0      11.13    0.05001     11.13    0.05001
     11.15          0      11.15    0.04844     11.15    0.04844
     11.17          0      11.17    0.05132     11.17    0.05132
     11.18          0      11.18    0.05263     11.18    0.05263
      11.2          0       11.2    0.08196      11.2    0.08196
     11.22          0      11.22    0.05551     11.22    0.05551
     11.23          0      11.23     0.0597     11.23     0.0597
     11.25          0      11.25    0.05735     11.25    0.05735
     11.27     0.0144      11.27    0.07358     11.27    0.05918
     11.28    0.01126      11.28    0.06939     11.28    0.05813
      11.3    0.01021       11.3    0.07358      11.3    0.06337
     11.32    0.01021      11.32    0.07201     11.32     0.0618
     11.33          0      11.33    0.06939     11.33    0.06939
     11.35          0      11.35    0.06861     11.35    0.06861
     11.37     0.0144      11.37    0.06834     11.37    0.05394
     11.38     0.0144      11.38    0.07411     11.38     0.0597
      11.4     0.0144       11.4    0.04137      11.4    0.02697
      11.4    0.04373       11.4    0.07777      11.4    0.03404
     11.42          0      11.42     0.0419     11.42     0.0419
     11.42    0.04373      11.42    0.08615     11.42    0.04242
     11.43          0      11.43     0.0419     11.43     0.0419
     11.43    0.04373      11.43    0.08955     11.43    0.04582
     11.45    0.04478      11.45    0.08615     11.45    0.04137
     11.47          0      11.47    0.04347     11.47    0.04347
     11.47    0.04373      11.47    0.08458     11.47    0.04085
     11.48          0      11.48    0.08536     11.48    0.08536
      11.5          0       11.5    0.08615      11.5    0.08615
     11.52    0.01859      11.52    0.08615     11.52    0.06756
     11.53          0      11.53    0.02985     11.53    0.02985
     11.53    0.03116      11.53    0.08615     11.53    0.05499
     11.55          0      11.55    0.02749     11.55    0.02749
     11.55    0.02828      11.55    0.09034     11.55    0.06206
     11.57          0      11.57    0.09217     11.57    0.09217
     11.58          0      11.58    0.03168     11.58    0.03168
     11.58    0.03247      11.58    0.09872     11.58    0.06625
      11.6          0       11.6    0.03038      11.6    0.03038
      11.6    0.03116       11.6    0.09872      11.6    0.06756
     11.62          0      11.62    0.04006     11.62    0.04006
     11.62    0.04111      11.62     0.1003     11.62    0.05918
     11.63          0      11.63    0.03718     11.63    0.03718
     11.63    0.03954      11.63    0.09872     11.63    0.05918
     11.65          0      11.65    0.09872     11.65    0.09872
     11.67          0      11.67    0.09793     11.67    0.09793
     11.68          0      11.68    0.04425     11.68    0.04425
     11.68    0.04792      11.68    0.09715     11.68    0.04923
      11.7          0       11.7    0.09767      11.7    0.09767
     11.72          0      11.72    0.09453     11.72    0.09453
     11.73          0      11.73    0.09453     11.73    0.09453
     11.75          0      11.75    0.09453     11.75    0.09453
     11.77          0      11.77    0.09453     11.77    0.09453
     11.78          0      11.78    0.09662     11.78    0.09662
      11.8          0       11.8    0.09741      11.8    0.09741
     11.82          0      11.82    0.09374     11.82    0.09374
     11.83   0.006023      11.83    0.09296     11.83    0.08694
     11.85          0      11.85    0.09191     11.85    0.09191
     11.87   0.006023      11.87    0.09034     11.87    0.08432
     11.88          0      11.88    0.09453     11.88    0.09453
      11.9          0       11.9    0.09453      11.9    0.09453
     11.92          0      11.92    0.09322     11.92    0.09322
     11.93          0      11.93    0.08196     11.93    0.08196
     11.95          0      11.95     0.0817     11.95     0.0817
     11.97          0      11.97    0.08615     11.97    0.08615
     11.98          0      11.98    0.08615     11.98    0.08615
        12          0         12    0.08615        12    0.08615
     12.02          0      12.02     0.0652     12.02     0.0652
     12.03          0      12.03    0.08615     12.03    0.08615
     12.05          0      12.05    0.08615     12.05    0.08615
     12.07          0      12.07    0.08196     12.07    0.08196
     12.08          0      12.08    0.07777     12.08    0.07777
      12.1          0       12.1    0.08196      12.1    0.08196
     12.12          0      12.12    0.08196     12.12    0.08196
     12.13   0.006023      12.13    0.08091     12.13    0.07489
     12.15   0.006023      12.15    0.08196     12.15    0.07594
     12.17   0.006023      12.17    0.08615     12.17    0.08013
     12.18   0.006023      12.18    0.08589     12.18    0.07987
      12.2   0.006023       12.2     0.0851      12.2    0.07908
     12.22    0.01152      12.22    0.08432     12.22     0.0728
     12.23      0.011      12.23    0.08615     12.23    0.07515
     12.25      0.011      12.25    0.08615     12.25    0.07515
     12.27    0.01021      12.27    0.08772     12.27    0.07751
     12.28   0.006808      12.28    0.08955     12.28    0.08275
      12.3    0.03116       12.3    0.09034      12.3    0.05918
     12.32   0.002619      12.32     0.0927     12.32    0.09008
     12.33   0.001833      12.33    0.09453     12.33     0.0927
     12.35          0      12.35    0.03666     12.35    0.03666
     12.35    0.03954      12.35    0.09453     12.35    0.05499
     12.37          0      12.37    0.09741     12.37    0.09741
     12.38          0      12.38    0.09872     12.38    0.09872
      12.4    0.03535       12.4    0.09872      12.4    0.06337
     12.42    0.01859      12.42     0.1029     12.42    0.08432
     12.43          0      12.43    0.03168     12.43    0.03168
     12.43    0.04373      12.43     0.1053     12.43    0.06154
     12.45          0      12.45    0.03456     12.45    0.03456
     12.45    0.04373      12.45     0.1071     12.45    0.06337
     12.47          0      12.47    0.03038     12.47    0.03038
     12.47    0.04373      12.47     0.1071     12.47    0.06337
     12.48          0      12.48    0.04766     12.48    0.04766
     12.48    0.04792      12.48    0.07646     12.48    0.02854
     12.48    0.08144      12.48     0.1113     12.48    0.02985
      12.5          0       12.5    0.03352      12.5    0.03352
      12.5    0.08144       12.5     0.1113      12.5    0.02985
     12.52          0      12.52    0.05263     12.52    0.05263
     12.52    0.07882      12.52     0.1126     12.52    0.03378
     12.53          0      12.53     0.0474     12.53     0.0474
     12.53    0.07725      12.53     0.1155     12.53    0.03823
     12.55          0      12.55    0.04766     12.55    0.04766
     12.55    0.07411      12.55     0.1155     12.55    0.04137
     12.57          0      12.57    0.04635     12.57    0.04635
     12.57    0.09113      12.57     0.1184     12.57    0.02723
     12.58          0      12.58     0.0652     12.58     0.0652
      12.6          0       12.6    0.05159      12.6    0.05159
     12.62          0      12.62     0.0652     12.62     0.0652
     12.63          0      12.63    0.06704     12.63    0.06704
     12.65          0      12.65    0.06756     12.65    0.06756
     12.65    0.09401      12.65     0.1223     12.65    0.02828
     12.67    0.01859      12.67    0.06939     12.67     0.0508
     12.67    0.09401      12.67     0.1239     12.67    0.02985
     12.68     0.0144      12.68    0.06599     12.68    0.05159
      12.7     0.0144       12.7     0.0652      12.7     0.0508
     12.72          0      12.72     0.0652     12.72     0.0652
     12.73          0      12.73    0.07122     12.73    0.07122
     12.75          0      12.75     0.0728     12.75     0.0728
     12.77   0.006023      12.77    0.07751     12.77    0.07149
     12.78     0.0144      12.78    0.07306     12.78    0.05866
      12.8          0       12.8    0.09034      12.8    0.09034
     12.82     0.0144      12.82    0.09034     12.82    0.07594
     12.83    0.02331      12.83     0.0728     12.83    0.04949
     12.85    0.02278      12.85    0.07358     12.85     0.0508
     12.87    0.02278      12.87    0.07777     12.87    0.05499
     12.88   0.007594      12.88    0.07777     12.88    0.07018
      12.9          0       12.9    0.09453      12.9    0.09453
     12.92    0.02278      12.92    0.07358     12.92     0.0508
     12.92    0.07725      12.92     0.1129     12.92    0.03561
     12.93    0.03116      12.93    0.07541     12.93    0.04425
     12.95          0      12.95    0.02749     12.95    0.02749
     12.95    0.03116      12.95    0.07646     12.95     0.0453
     12.97    0.02042      12.97    0.08118     12.97    0.06075
     12.98    0.02383      12.98    0.06939     12.98    0.04556
        13    0.02278         13    0.07777        13    0.05499
     13.02    0.02278      13.02    0.06913     13.02    0.04635
     13.03    0.02278      13.03    0.08091     13.03    0.05813
     13.05    0.02278      13.05     0.0762     13.05    0.05342
     13.07    0.02697      13.07    0.07777     13.07     0.0508
     13.08          0      13.08    0.08065     13.08    0.08065
      13.1          0       13.1    0.08013      13.1    0.08013
     13.12          0      13.12    0.04006     13.12    0.04006
     13.12    0.04216      13.12    0.08013     13.12    0.03797
     13.13          0      13.13    0.04268     13.13    0.04268
     13.13    0.04452      13.13    0.07777     13.13    0.03326
     13.15          0      13.15    0.07646     13.15    0.07646
     13.17          0      13.17    0.04111     13.17    0.04111
     13.17    0.04949      13.17    0.07672     13.17    0.02723
     13.18          0      13.18    0.04582     13.18    0.04582
     13.18    0.04792      13.18    0.07777     13.18    0.02985
      13.2          0       13.2    0.09767      13.2    0.09767
     13.22          0      13.22    0.09374     13.22    0.09374
     13.23          0      13.23    0.06101     13.23    0.06101
     13.23    0.06468      13.23     0.0927     13.23    0.02802
     13.25          0      13.25    0.06101     13.25    0.06101
     13.27          0      13.27    0.05682     13.27    0.05682
     13.28          0      13.28    0.05682     13.28    0.05682
     13.28    0.06154      13.28    0.09453     13.28    0.03299
      13.3          0       13.3    0.05892      13.3    0.05892
      13.3    0.06049       13.3    0.09139      13.3     0.0309
     13.32          0      13.32    0.09244     13.32    0.09244
     13.33          0      13.33    0.09453     13.33    0.09453
     13.35          0      13.35    0.09453     13.35    0.09453
     13.37    0.01021      13.37     0.1068     13.37    0.09662
     13.38    0.01021      13.38    0.08772     13.38    0.07751
      13.4    0.01021       13.4    0.08746      13.4    0.07725
     13.42    0.01021      13.42    0.08615     13.42    0.07594
     13.43          0      13.43    0.07149     13.43    0.07149
     13.43    0.07306      13.43     0.1029     13.43    0.02985
     13.45          0      13.45     0.1016     13.45     0.1016
     13.47          0      13.47    0.09296     13.47    0.09296
     13.48          0      13.48    0.08144     13.48    0.08144
      13.5          0       13.5    0.08065      13.5    0.08065
     13.52          0      13.52    0.09322     13.52    0.09322
     13.53          0      13.53    0.09034     13.53    0.09034
     13.55          0      13.55    0.09034     13.55    0.09034
     13.57          0      13.57    0.08772     13.57    0.08772
     13.58          0      13.58     0.0652     13.58     0.0652
      13.6          0       13.6    0.08929      13.6    0.08929
     13.62          0      13.62    0.09034     13.62    0.09034
     13.63          0      13.63    0.09427     13.63    0.09427
     13.65          0      13.65    0.09348     13.65    0.09348
     13.67          0      13.67    0.09453     13.67    0.09453
     13.68          0      13.68    0.09453     13.68    0.09453
      13.7          0       13.7    0.09453      13.7    0.09453
     13.72          0      13.72    0.05892     13.72    0.05892
     13.72    0.06285      13.72    0.09453     13.72    0.03168
     13.73          0      13.73    0.05682     13.73    0.05682
     13.73    0.06468      13.73    0.09453     13.73    0.02985
     13.75          0      13.75    0.05682     13.75    0.05682
     13.75    0.06311      13.75    0.09453     13.75    0.03142
     13.77          0      13.77    0.05787     13.77    0.05787
     13.78          0      13.78     0.0652     13.78     0.0652
      13.8          0       13.8     0.0652      13.8     0.0652
     13.82          0      13.82    0.08903     13.82    0.08903
     13.83          0      13.83    0.08615     13.83    0.08615
     13.85  0.0002619      13.85    0.08615     13.85    0.08589
     13.87   0.001833      13.87    0.08615     13.87    0.08432
     13.88          0      13.88    0.08536     13.88    0.08536
      13.9          0       13.9    0.08563      13.9    0.08563
     13.92          0      13.92    0.08536     13.92    0.08536
     13.93    0.01283      13.93    0.08615     13.93    0.07332
     13.95    0.01205      13.95    0.08615     13.95    0.07411
     13.97          0      13.97    0.08615     13.97    0.08615
     13.98    0.02278      13.98    0.08615     13.98    0.06337
        14    0.02278         14    0.08615        14    0.06337
     14.02    0.02409      14.02    0.08615     14.02    0.06206
     14.03    0.02488      14.03    0.08877     14.03    0.06389
     14.05    0.02278      14.05    0.08929     14.05    0.06651
     14.07    0.02278      14.07    0.09034     14.07    0.06756
     14.08    0.02383      14.08    0.09034     14.08    0.06651
      14.1    0.02278       14.1    0.09217      14.1    0.06939
     14.12     0.0199      14.12    0.09453     14.12    0.07463
     14.13    0.01964      14.13    0.09453     14.13    0.07489
     14.15    0.01859      14.15    0.09453     14.15    0.07594
     14.17    0.01702      14.17    0.09741     14.17    0.08039
     14.18    0.01388      14.18    0.09872     14.18    0.08484
      14.2    0.02252       14.2    0.09924      14.2    0.07672
     14.22    0.03378      14.22    0.06232     14.22    0.02854
     14.22    0.06468      14.22     0.1029     14.22    0.03823
     14.23    0.01859      14.23    0.06206     14.23    0.04347
     14.23    0.06651      14.23     0.1042     14.23    0.03771
     14.25    0.01859      14.25     0.0652     14.25    0.04661
     14.25    0.06887      14.25     0.1058     14.25    0.03692
     14.27          0      14.27    0.02749     14.27    0.02749
     14.27    0.06887      14.27     0.1071     14.27    0.03823
      14.3    0.04373       14.3    0.08196      14.3    0.03823
     14.32          0      14.32    0.02749     14.32    0.02749
     14.32    0.03954      14.32    0.08196     14.32    0.04242
     14.32    0.08563      14.32     0.1123     14.32    0.02671
     14.33          0      14.33    0.03168     14.33    0.03168
     14.33    0.04373      14.33     0.0851     14.33    0.04137
     14.33    0.08694      14.33     0.1155     14.33    0.02854
     14.35          0      14.35    0.03168     14.35    0.03168
     14.35    0.04373      14.35    0.08196     14.35    0.03823
     14.35     0.0872      14.35     0.1155     14.35    0.02828
     14.37          0      14.37    0.03168     14.37    0.03168
     14.37    0.04085      14.37    0.08196     14.37    0.04111
     14.37    0.08641      14.37     0.1155     14.37    0.02907
     14.38          0      14.38    0.03168     14.38    0.03168
     14.38     0.0563      14.38     0.1144     14.38    0.05813
      14.4          0       14.4    0.03587      14.4    0.03587
      14.4     0.0563       14.4     0.1134      14.4    0.05708
     14.42          0      14.42    0.05394     14.42    0.05394
     14.42     0.0563      14.42     0.1155     14.42    0.05918
     14.43          0      14.43    0.05263     14.43    0.05263
     14.43    0.06468      14.43     0.1144     14.43    0.04975
     14.45          0      14.45    0.05263     14.45    0.05263
     14.45    0.06468      14.45     0.1139     14.45    0.04923
     14.47          0      14.47    0.06101     14.47    0.06101
     14.47    0.06599      14.47     0.1045     14.47    0.03849
     14.48          0      14.48    0.06625     14.48    0.06625
     14.48    0.06887      14.48     0.1045     14.48    0.03561
      14.5          0       14.5    0.05944      14.5    0.05944
      14.5    0.06049       14.5     0.1034      14.5    0.04294
     14.52   0.001833      14.52    0.05682     14.52    0.05499
     14.52    0.06049      14.52     0.1029     14.52    0.04242
     14.53          0      14.53    0.05682     14.53    0.05682
     14.53    0.06049      14.53     0.1071     14.53    0.04661
     14.55          0      14.55    0.05708     14.55    0.05708
     14.55    0.05839      14.55     0.1071     14.55    0.04871
     14.57   0.006023      14.57     0.1092     14.57     0.1032
     14.58   0.005499      14.58    0.07777     14.58    0.07227
     14.58    0.07856      14.58     0.1102     14.58    0.03168
      14.6          0       14.6    0.06913      14.6    0.06913
      14.6    0.06965       14.6     0.1113      14.6    0.04164
     14.62          0      14.62     0.1071     14.62     0.1071
     14.63          0      14.63     0.1071     14.63     0.1071
     14.65          0      14.65     0.1071     14.65     0.1071
     14.67          0      14.67    0.08196     14.67    0.08196
     14.68          0      14.68    0.08327     14.68    0.08327
      14.7          0       14.7     0.1071      14.7     0.1071
     14.72          0      14.72     0.1074     14.72     0.1074
     14.73          0      14.73     0.1071     14.73     0.1071
     14.75          0      14.75     0.1084     14.75     0.1084
     14.77          0      14.77    0.03587     14.77    0.03587
     14.77    0.04373      14.77     0.1071     14.77    0.06337
     14.78   0.006023      14.78    0.03692     14.78     0.0309
     14.78    0.04792      14.78     0.1071     14.78    0.05918
      14.8   0.003666       14.8    0.03587      14.8    0.03221
      14.8    0.04792       14.8     0.1071      14.8    0.05918
     14.82  0.0007856      14.82    0.03928     14.82    0.03849
     14.82    0.04792      14.82     0.1071     14.82    0.05918
     14.83    0.04687      14.83     0.1071     14.83    0.06023
     14.85    0.01624      14.85     0.1071     14.85    0.09086
     14.87     0.0453      14.87     0.1071     14.87     0.0618
     14.88    0.01624      14.88     0.1071     14.88    0.09086
      14.9     0.0144       14.9      0.105      14.9     0.0906
     14.92          0      14.92     0.1029     14.92     0.1029
     14.93    0.01859      14.93     0.1016     14.93    0.08301
     14.95    0.01859      14.95     0.1019     14.95    0.08327
     14.97    0.01885      14.97     0.1019     14.97    0.08301
     14.98    0.03902      14.98     0.1037     14.98    0.06468
